8
8
8
8
8
8
8
8
8
8
8
8
8
8
8
8
8
8
8
8
8
8
8
8
8
8
8
8
8
8
8
8
8
8
8
8
8
8
8
8
8
8
8
8
8
8
8
8
8
8
100
100
100
100
100
100
100
100
100
100
100
100
100
100
100
100
100
100
100
100
100
100
100
100
100
100
100
100
100
100
100
100
100
100
100
100
100
100
100
100
100
100
100
100
100
100
100
100
100
100
121
100
121
121
121
121
100
121
121
121
121
121
121
100
100
121
121
118
121
100
121
100
121
100
121
121
100
100
121
121
121
118
121
100
121
121
121
121
100
121
121
121
100
121
121
121
100
121
121
100
