319
40
139
32
85
2
71
38
138
11
16
20
148
18
62
17
12
16
90
34
5
11
569
81
73
11
14
49
35
10
12
4
24
20
50
2
128
53
12
37
143
1
27
135
132
2
69
6
7
8
164
43
723
17
19
34
5
99
25
41
55
16
33
64
1138
4
2
6
2
39
6
69
30
12
40
4
172
86
55
17
101
230
71
24
191
40
121
171
17
200
3096
25
35
9
22
34
2
26
10
86
19
25
42
9
10
144
88
44
21
7
56
5
20
4
66
47
29
16
50
240
2
16
109
28
22
9
9
181
292
11
5
45
17
13
5
28
16
5
62
121
1
2
4
117
408
78
23
19
55
42
75
29
18
1
6
19
31
9
40
65
80
65
170
6
16
15
594
225
41
203
61
169
212
9
3
36
4
56
54
141
10
25
512
11
23
7
120
106
102
13
12
15
129
17
226
62
12
25
102
6
20
29
6
17
10
6
69
447
62
35
14
105
225
11
62
45
3
10
62
53
32
18
1
11
